============================================================
DETAILED CLASSIFICATION REPORT
============================================================

              precision    recall  f1-score   support

           A      0.000     0.000     0.000       100
           B      0.437     1.000     0.608       100
           C      0.983     0.590     0.738       100
           D      0.357     1.000     0.526       100
           E      0.305     1.000     0.467       100
           F      1.000     0.150     0.261       100
           G      0.962     1.000     0.980       100
           H      0.762     0.990     0.861       100
           I      1.000     0.670     0.802       100
           J      1.000     0.690     0.817       100
           K      0.990     0.950     0.969       100
           L      1.000     1.000     1.000       100
           M      0.622     0.970     0.758       100
           N      0.000     0.000     0.000       100
           O      0.989     0.930     0.959       100
           P      1.000     1.000     1.000       100
           Q      1.000     0.760     0.864       100
           R      1.000     0.670     0.802       100
           S      0.100     0.010     0.018       100
           T      0.879     0.290     0.436       100
           U      1.000     0.990     0.995       100
           V      1.000     0.960     0.980       100
           W      1.000     1.000     1.000       100
           X      1.000     0.940     0.969       100
           Y      1.000     1.000     1.000       100
           Z      1.000     0.970     0.985       100

    accuracy                          0.751      2600
   macro avg      0.784     0.751     0.723      2600
weighted avg      0.784     0.751     0.723      2600

============================================================
Overall Accuracy: 0.7512
============================================================
